1 -408 -769 994 
-1 410 -859 335 -258 
2 -825 -842 -929 7 
-2 941 580 356 
3 -119 -597 -788 -103 
-3 -487 -510 177 586 -285 
4 760 -354 262 -308 
-4 -643 462 
5 -471 112 394 -526 -12 628 
-5 187 -498 805 393 
6 939 -56 916 793 459 
-6 -568 
7 -100 -704 76 -532 -532 
-7 -393 -2 762 
8 -328 131 51 -612 519 320 
-8 337 -328 -188 546 
9 -399 -65 -590 
-9 248 839 65 -639 
10 436 918 
-10 567 651 
11 651 -367 49 
-11 -76 -265 230 -812 529 
12 834 809 884 -5 
-12 983 746 -941 370 -883 
13 -676 390 -807 
-13 -71 -386 
14 47 783 
-14 406 -953 
15 -761 
-15 -481 
16 -521 
-16 -752 -34 
17 758 -34 -892 
-17 -62 111 
18 -989 357 267 -581 -251 
-18 804 355 -335 
19 499 528 646 -757 61 
-19 207 20 457 
20 204 -805 -406 
-20 766 994 19 -937 
21 -108 414 673 146 660 
-21 
22 121 
-22 311 -291 -710 86 
23 -527 790 
-23 -403 
24 -815 -599 771 
-24 138 128 321 908 
25 -369 89 563 47 386 
-25 -394 
26 51 391 662 
-26 984 -522 
27 -739 
-27 -382 450 -853 
28 -39 -344 
-28 281 -635 -182 
29 936 922 377 -374 
-29 320 53 
30 -268 -883 -869 -456 -194 
-30 344 -716 810 793 563 
31 -352 -250 
-31 408 -890 
32 473 -133 528 
-32 -687 893 938 772 -692 
33 369 -235 769 
-33 -37 87 -954 
34 843 -17 662 16 331 -304 
-34 183 
35 -682 
-35 571 
36 341 
-36 -43 
37 33 590 -566 -710 
-37 494 401 -896 -307 319 447 -552 514 
38 198 
-38 -604 510 
39 -28 -827 752 -779 
-39 -703 359 
40 -684 -820 
-40 -662 -294 -765 
41 -228 -505 
-41 -581 -169 180 
42 134 72 317 
-42 
43 36 595 -831 -649 -939 
-43 388 341 948 459 
44 -804 
-44 270 626 
45 933 711 
-45 626 -450 952 
46 950 289 
-46 -919 -722 -367 
47 -336 250 -579 
-47 -14 -635 -841 838 -25 -837 
48 -157 -931 -980 511 -962 
-48 663 963 
49 -180 -221 -864 -489 758 221 -704 897 -471 
-49 -744 609 845 -606 -11 
50 891 522 -511 
-50 -150 -671 -953 493 888 
51 84 -71 
-51 -26 -8 -66 689 -559 -786 913 
52 -845 
-52 -327 -81 
53 -880 
-53 563 133 -108 29 -499 
54 597 -264 911 -889 130 
-54 814 -176 147 -895 89 540 -197 
55 907 285 -808 615 -186 283 
-55 -141 106 -355 
56 518 -6 -557 -495 -368 640 -677 -859 
-56 59 899 316 
57 
-57 730 -969 131 -322 
58 -724 
-58 659 -595 -345 
59 -448 743 -701 882 
-59 -94 -235 56 553 
60 -279 -907 
-60 -818 
61 612 883 229 868 -679 -757 396 
-61 546 354 -397 -19 
62 -718 17 -784 -712 419 
-62 
63 642 172 235 
-63 
64 
-64 -414 
65 603 886 965 902 -9 95 
-65 -125 9 
66 301 51 440 548 458 395 
-66 407 
67 546 -641 -357 
-67 103 -75 286 
68 -869 537 
-68 601 
69 949 -462 -393 -75 
-69 280 386 
70 -100 
-70 143 628 
71 13 -51 358 
-71 -140 493 
72 
-72 -42 340 -229 894 
73 907 -132 972 -889 -788 
-73 518 -659 
74 286 169 572 -649 
-74 -890 751 335 -103 
75 -928 -472 67 -69 309 -362 
-75 -265 
76 348 11 443 
-76 -7 -542 
77 567 571 -743 318 
-77 387 
78 287 119 972 
-78 980 
79 860 -305 
-79 -842 
80 230 -362 
-80 215 387 -864 248 
81 -82 52 
-81 303 -619 
82 -81 -554 -177 165 -280 
-82 -789 
83 -537 269 
-83 543 
84 -918 
-84 351 -51 -806 
85 -462 -952 463 
-85 631 744 427 
86 759 926 370 -558 485 -825 
-86 -419 491 951 22 
87 -489 235 418 996 -652 
-87 33 
88 -596 -786 335 
-88 -306 
89 865 938 763 -795 
-89 -25 54 722 
90 166 
-90 996 577 
91 949 681 
-91 -327 666 302 
92 722 160 -663 200 -269 539 
-92 174 436 
93 369 -821 
-93 457 629 -134 
94 59 136 184 -690 151 996 -294 
-94 -410 -856 -368 -568 
95 159 692 -312 657 
-95 -114 499 -65 
96 -172 -707 535 
-96 616 
97 -664 -125 -575 396 153 
-97 -625 -219 -731 
98 420 327 -351 -359 
-98 -491 
99 -363 146 965 
-99 -636 
100 -7 -70 529 850 -755 
-100 -685 -793 
101 892 -369 
-101 559 787 
102 -649 
-102 -620 461 
103 355 -526 560 -315 620 74 191 -3 
-103 835 67 -773 445 
104 614 
-104 -350 614 406 540 
105 258 270 
-105 -749 818 -689 844 
106 -927 
-106 55 228 
107 664 
-107 -144 -716 912 828 
108 302 -21 -376 53 -942 
-108 -398 
109 -612 315 
-109 571 
110 -134 
-110 -185 548 193 869 
111 468 393 
-111 -691 538 17 
112 -946 733 
-112 -5 -225 
113 379 683 614 
-113 -749 -683 -204 
114 -936 -116 95 458 
-114 -293 822 -848 
115 
-115 -957 -622 876 
116 -212 -114 -986 -689 -559 
-116 -610 -635 -757 -441 278 
117 -668 -762 
-117 
118 760 -228 
-118 -690 -321 
119 -3 -194 -320 
-119 -78 -541 121 
120 -674 794 
-120 -533 
121 418 665 -704 -471 
-121 -373 -381 119 -22 -455 
122 726 -480 -686 
-122 -610 -615 -492 296 
123 575 -159 
-123 -925 
124 -675 
-124 -246 501 
125 -97 65 
-125 -454 
126 
-126 354 -512 -159 -659 
127 760 -223 -920 
-127 404 -908 -335 -646 
128 -524 -762 376 698 
-128 466 24 943 854 987 
129 -597 -424 
-129 -698 -988 -769 
130 516 695 
-130 395 -54 
131 
-131 -8 -287 -699 57 -678 
132 -469 -73 493 -740 -266 
-132 496 
133 -312 -813 -32 613 -572 
-133 357 53 935 
134 -759 -110 674 -674 -618 93 
-134 -42 396 998 179 -290 
135 -230 835 
-135 927 -839 
136 -946 -785 -873 -155 
-136 649 -94 -853 
137 -226 
-137 -919 -931 
138 -310 -176 
-138 24 954 993 205 883 
139 383 -971 
-139 841 -691 -928 -334 
140 572 -485 71 -653 -315 -740 
-140 
141 712 -858 55 -195 772 -254 222 
-141 -253 190 851 
142 
-142 351 -576 627 
143 -972 
-143 -753 -797 70 
144 107 -887 
-144 698 
145 754 765 -437 835 
-145 803 -569 
146 
-146 -99 262 401 643 -21 
147 -261 981 
-147 793 329 54 
148 -485 527 
-148 -378 644 
149 -194 -451 
-149 -995 392 
150 50 585 -789 -967 
-150 -554 943 
151 863 -992 
-151 -864 678 849 -94 -736 
152 206 250 -983 -389 994 746 
-152 
153 -468 -822 
-153 -334 -969 593 532 -97 -745 -238 
154 -393 -567 -950 
-154 -486 -220 
155 426 268 -391 899 -136 
-155 -354 -399 778 
156 -168 157 
-156 -719 666 -416 -770 224 
157 -48 -734 
-157 -156 
158 923 787 608 544 
-158 729 945 749 -291 
159 -251 -829 948 126 -123 
-159 -227 -95 393 -846 -314 456 
160 
-160 -92 -549 
161 
-161 730 178 
162 -687 208 -274 473 
-162 -409 952 668 -365 212 
163 372 
-163 -949 -205 -453 620 
164 952 -358 
-164 341 
165 -739 538 
-165 -959 354 360 992 -82 -395 
166 
-166 -890 417 -90 
167 -190 446 -661 
-167 -268 
168 -803 -156 -743 
-168 963 -574 -849 -462 
169 41 
-169 -204 -74 -260 -805 -574 
170 
-170 -256 -853 -283 
171 -844 -835 -291 
-171 -447 473 -991 686 
172 -96 916 939 255 
-172 746 -63 
173 -565 
-173 -728 
174 529 888 506 
-174 92 861 
175 852 -582 
-175 -615 
176 54 -138 -210 748 
-176 340 682 
177 827 -263 -459 -82 -879 
-177 943 848 -404 3 432 289 
178 -670 
-178 -199 161 -316 -511 464 
179 
-179 435 -607 134 -400 
180 -49 -765 189 799 
-180 941 614 -735 41 -768 -699 286 
181 -781 -634 
-181 259 521 
182 28 824 -1000 -270 351 211 
-182 705 -857 752 527 386 363 -598 
183 -565 -912 
-183 34 678 -683 
184 675 -714 
-184 -227 -94 -817 -319 935 
185 110 -240 723 
-185 535 -968 
186 -697 598 -55 862 
-186 974 -824 -221 721 910 
187 518 
-187 -333 5 
188 528 -901 8 -847 
-188 -197 -755 206 853 
189 -653 -389 467 
-189 -688 648 -180 
190 -167 499 -388 
-190 198 915 141 
191 -732 854 196 
-191 365 -379 -103 -738 
192 628 344 -542 274 -731 
-192 960 256 -554 
193 203 
-193 430 319 110 
194 -119 -149 -30 
-194 -801 -645 817 -710 
195 -259 -141 -835 
-195 618 -598 
196 697 -670 672 507 
-196 580 -740 -191 -298 
197 188 632 54 
-197 978 555 350 967 
198 -343 -226 -328 512 610 
-198 -38 624 190 -589 
199 178 589 -757 
-199 
200 -744 274 468 633 -675 732 
-200 -838 -365 -476 205 491 995 -92 887 
201 689 627 
-201 591 278 -871 988 
202 -540 -516 -621 962 
-202 -915 -912 
203 -927 -389 
-203 663 -193 -359 
204 -447 733 113 169 -727 
-204 -211 372 -20 
205 -986 765 -964 927 163 
-205 200 138 
206 429 835 
-206 -799 -152 963 -332 188 -503 
207 -485 651 
-207 19 
208 -659 664 -735 
-208 -162 307 
209 -722 
-209 434 
210 -782 -176 882 
-210 684 
211 -402 204 -973 
-211 -981 -182 
212 -116 414 
-212 802 -344 937 162 466 
213 -861 -293 637 
-213 960 -586 
214 681 -322 
-214 638 -227 883 
215 982 -420 408 
-215 643 80 990 
216 388 -583 
-216 537 
217 -350 
-217 -646 -382 533 
218 -960 796 -554 
-218 638 -336 
219 846 -963 220 97 
-219 
220 -468 826 748 154 -493 
-220 -368 -219 -392 
221 -825 -49 186 695 -933 
-221 -49 695 -267 
222 -918 
-222 766 516 -297 -467 -247 -141 963 
223 -267 -127 263 
-223 762 299 -330 
224 704 -644 300 
-224 238 -295 156 
225 674 112 
-225 974 
226 415 -198 -137 
-226 
227 184 159 -580 214 250 
-227 -287 897 
228 -41 -118 -868 -230 
-228 595 106 
229 72 
-229 -61 -697 -792 
230 -135 -362 -685 -228 
-230 -80 11 -304 -871 
231 
-231 710 626 
232 -821 824 -243 -612 -612 
-232 
233 -448 957 -607 
-233 -407 -645 
234 -707 
-234 -936 
235 59 -33 591 
-235 -87 -917 -371 -63 -262 
236 -864 
-236 -729 839 
237 -737 
-237 613 -592 
238 -947 -270 153 
-238 874 -591 224 -843 577 
239 -358 527 
-239 727 286 440 772 -752 
240 -360 -520 -185 650 -304 535 
-240 974 -728 
241 -690 826 -272 301 
-241 419 
242 -799 -587 
-242 432 674 839 
243 410 -232 623 395 
-243 937 -283 850 
244 329 451 386 
-244 -292 -700 -631 
245 -910 254 791 416 
-245 443 
246 124 -725 293 -961 
-246 -832 -969 
247 -997 -279 222 305 
-247 -733 -896 
248 -943 432 474 
-248 9 370 80 
249 -706 439 433 -879 821 
-249 -637 
250 569 -31 
-250 -820 -152 -47 -227 
251 -159 -663 937 275 -311 -18 
-251 
252 -924 -515 801 -882 
-252 -288 -413 502 583 -914 
253 141 -259 
-253 922 -928 -411 
254 -141 -389 
-254 -818 -245 532 -991 
255 
-255 -855 -672 -172 
256 774 571 -983 170 775 
-256 336 577 192 731 
257 -836 -443 
-257 -399 566 371 
258 1 
-258 -105 
259 -253 -195 591 -921 920 
-259 -303 -597 -629 181 484 584 
260 -540 169 -801 274 -825 
-260 -364 
261 -618 -147 420 972 -595 
-261 -434 338 
262 -708 235 
-262 -734 272 -4 995 146 
263 822 -422 -177 -266 
-263 -223 
264 -54 538 283 534 
-264 -709 840 628 517 584 
265 75 11 -754 
-265 -423 -411 942 
266 -303 -263 -132 
-266 818 490 
267 -223 221 297 
-267 -512 655 -18 
268 -30 167 714 
-268 -636 -155 -717 673 
269 -278 -92 
-269 -626 -83 
270 374 -182 -238 -766 
-270 44 878 -105 
271 638 
-271 -943 733 -731 -906 
272 -241 -320 
-272 467 795 262 
273 -568 778 -888 -718 
-273 -618 846 -647 
274 -162 
-274 -200 -192 -260 
275 -586 -789 -482 
-275 -301 -629 -251 -350 1000 
276 984 -706 939 938 -820 
-276 -497 
277 -441 733 
-277 
278 -738 -269 -548 347 
-278 -842 886 201 701 116 
279 -60 -247 -525 
-279 354 336 -618 
280 302 -82 
-280 349 -682 69 -934 883 
281 -655 691 -866 
-281 28 
282 645 849 -486 
-282 -615 -989 
283 500 243 170 929 966 -321 
-283 -264 -55 
284 967 -434 
-284 425 -923 866 
285 364 626 3 
-285 529 -55 
286 588 836 
-286 239 -74 -630 67 180 
287 227 131 
-287 -347 367 -78 533 
288 252 342 776 -886 404 359 -531 
-288 
289 -381 
-289 328 -46 177 522 
290 -437 134 
-290 -575 -990 -915 
291 22 158 -171 -818 
-291 -774 
292 244 -446 
-292 -700 -637 
293 459 114 548 -213 
-293 -981 -246 -719 909 582 -384 543 
294 -567 -94 40 714 
-294 -789 -614 -776 
295 -715 -332 224 -927 
-295 829 -826 
296 892 489 446 851 
-296 -447 -468 644 122 
297 222 731 -914 
-297 823 -439 -267 
298 -374 824 196 
-298 -953 
299 -468 508 979 -862 -703 859 
-299 223 898 -813 
300 -616 702 
-300 558 307 -634 -224 
301 275 -747 
-301 -241 -66 -382 
302 694 
-302 -108 360 -280 -622 -390 91 -707 -840 
303 259 676 -266 744 
-303 81 -425 
304 803 230 -240 764 -34 
-304 -891 -397 331 
305 786 -79 
-305 515 -247 
306 371 477 88 
-306 798 852 
307 905 945 37 
-307 -746 985 300 -424 208 
308 -702 586 -946 -4 680 
-308 -464 
309 -728 -386 489 754 793 520 
-309 -474 -370 -75 
310 -320 -138 391 921 575 
-310 630 -382 
311 -835 529 -734 -897 -251 
-311 22 360 864 -519 539 -890 
312 -133 -95 
-312 -781 
313 337 -647 914 
-313 832 -735 
314 159 801 
-314 
315 -621 793 971 -103 327 -922 -140 331 
-315 -109 -633 570 580 
316 989 -779 496 466 178 
-316 697 56 
317 -535 
-317 847 351 -635 -42 
318 461 
-318 -77 862 
319 -816 -401 184 
-319 193 37 
320 -310 -415 -272 880 -119 
-320 461 -495 -8 29 -442 
321 -486 -740 118 -283 
-321 661 732 722 24 
322 -639 -882 57 -214 
-322 479 
323 757 
-323 869 534 -786 -546 
324 -492 
-324 -953 542 
325 885 656 
-325 
326 
-326 -995 
327 52 -464 91 
-327 -98 -315 
328 -8 -198 8 
-328 973 289 
329 
-329 333 650 -601 712 147 -420 -244 753 
330 223 
-330 970 358 
331 
-331 304 -34 -315 
332 206 -295 
-332 706 
333 836 187 808 -580 -526 -907 -598 887 350 
-333 329 -588 952 729 
334 -913 153 435 652 139 
-334 
335 661 354 127 -973 793 18 -857 
-335 -906 74 1 859 -88 -696 
336 -47 -439 938 218 
-336 256 279 -969 -723 
337 655 -964 -714 
-337 -313 418 -794 8 
338 -436 
-338 261 -640 344 
339 -853 524 998 
-339 -462 
340 -375 767 -740 772 
-340 -667 584 743 72 -404 176 861 
341 797 -391 
-341 43 -941 705 -36 164 
342 -719 
-342 -288 945 -692 
343 -198 -668 639 
-343 -930 -421 
344 212 900 -28 
-344 30 -192 548 -890 338 733 -888 
345 449 58 -905 464 -731 
-345 525 -479 764 
346 
-346 -536 544 
347 -944 287 753 
-347 389 -376 -591 -278 
348 -361 
-348 -76 -554 630 
349 
-349 280 -524 475 642 
350 -217 104 426 275 
-350 197 -333 
351 -98 
-351 142 -639 84 317 -182 
352 -31 
-352 881 460 778 814 583 
353 631 358 -882 
-353 
354 -4 -545 155 
-354 165 279 925 -335 -745 724 126 61 551 
355 -787 448 55 -932 
-355 875 -103 972 18 
356 -748 -479 
-356 -419 2 992 371 
357 656 -783 492 -67 -383 809 -410 -497 
-357 133 -18 741 -658 
358 743 -164 -239 
-358 -721 -353 -71 330 
359 -392 -849 -964 203 -98 
-359 -776 879 -288 39 -943 
360 -240 
-360 302 311 -850 165 
361 -348 
-361 -742 
362 -230 -946 -850 -80 -75 
-362 -709 -992 -841 
363 -99 732 -802 -370 
-363 182 978 -763 -977 648 
364 -791 -955 260 -853 549 -455 
-364 -285 -434 728 -546 
365 -589 200 -584 162 
-365 191 980 
366 -552 -955 637 
-366 992 
367 799 -11 46 
-367 287 791 
368 220 -56 94 
-368 556 
369 402 -784 -25 -429 -101 
-369 -33 -93 -718 
370 -363 797 309 
-370 248 -86 12 
371 -788 235 
-371 -306 374 257 356 
372 498 786 
-372 -163 581 940 204 429 -938 -513 987 826 
373 -401 121 874 
-373 -888 
374 -298 -485 -29 
-374 -270 371 
375 509 -340 417 
-375 -542 782 670 
376 -108 347 -432 
-376 -128 -698 908 -786 
377 914 819 
-377 -29 532 
378 148 969 -448 
-378 820 654 876 483 
379 774 191 -480 
-379 -113 712 
380 749 
-380 984 392 
381 885 -289 121 838 832 
-381 -959 
382 27 217 301 -435 310 926 -626 -911 
-382 446 -419 
383 609 -357 -663 
-383 664 -139 979 989 
384 938 539 -551 293 
-384 
385 735 501 
-385 -429 -504 -510 
386 -945 -309 -980 13 
-386 408 182 988 -25 -244 69 
387 -877 -414 627 -892 862 
-387 77 -533 393 80 
388 691 -561 -392 -190 
-388 43 -216 
389 -917 -189 -530 -152 -887 -203 -254 
-389 347 951 
390 559 302 764 -455 489 
-390 -13 
391 -745 -155 -341 
-391 -26 -310 880 
392 -359 -388 474 220 -955 
-392 -466 -604 149 -724 380 
393 -69 -154 7 
-393 159 945 -111 387 5 928 
394 25 -409 762 511 -675 853 
-394 -479 -759 -5 
395 -999 165 856 
-395 130 -883 -445 -66 -559 942 -243 
396 845 -406 837 
-396 502 134 -97 -61 
397 304 1000 61 
-397 588 -471 
398 -891 746 108 -635 
-398 -856 846 -516 684 
399 257 -614 -9 155 993 
-399 -992 
400 730 179 
-400 614 727 
401 -373 -319 
-401 -790 37 675 146 978 
402 -211 -687 571 406 
-402 -369 577 
403 23 -425 
-403 977 547 
404 177 340 -596 
-404 127 -288 716 742 
405 -420 
-405 
406 -627 -396 -20 
-406 104 567 14 -402 445 954 
407 -900 233 -842 
-407 -611 -438 66 
408 -1 483 769 
-408 780 386 988 31 -789 -215 
409 162 -394 
-409 560 867 
410 467 -460 94 -357 
-410 1 -784 -243 
411 253 265 -895 
-411 
412 551 
-412 
413 -944 252 -865 
-413 -444 836 
414 -487 -387 64 
-414 -21 -212 
415 -320 682 -458 
-415 -226 531 -888 467 
416 156 -661 
-416 -884 -245 
417 -771 
-417 -960 768 166 -878 -799 -619 -375 
418 853 -563 865 
-418 -121 -87 337 -688 
419 -611 356 86 382 
-419 -686 241 -62 795 774 -466 
420 329 912 -489 -215 -405 -902 -835 
-420 -98 707 944 -261 
421 581 815 343 451 961 
-421 833 604 432 
422 -600 -263 941 
-422 -526 
423 -840 946 -622 265 
-423 -503 541 
424 -129 307 -483 
-424 984 
425 -625 -403 303 
-425 284 803 667 643 
426 -545 -903 
-426 -155 -350 762 
427 -533 514 -981 -849 690 
-427 -917 694 826 85 
428 957 -576 
-428 -918 -772 935 
429 774 385 -369 -470 
-429 -206 372 839 481 
430 771 -660 -670 
-430 193 484 656 735 
431 917 -802 
-431 -951 -682 
432 -835 -950 -376 -606 
-432 242 421 -248 177 
433 -715 486 
-433 559 -249 -800 -463 
434 261 -284 364 -471 
-434 636 -610 -780 209 532 -504 
435 -956 -382 
-435 179 -334 -640 
436 -789 -338 
-436 -10 484 92 
437 -868 751 -145 -290 
-437 -485 
438 407 
-438 866 -652 -1000 
439 297 -336 -699 
-439 -249 986 
440 
-440 -66 239 863 
441 -277 565 116 881 
-441 -794 665 -667 -501 
442 320 997 -524 
-442 
443 948 -781 -909 -257 
-443 245 -76 
444 844 413 
-444 -959 
445 -919 -591 395 
-445 103 406 
446 -292 -541 
-446 -167 -584 460 382 -296 
447 -204 171 -866 986 296 -681 -959 
-447 37 
448 -233 624 -59 -378 
-448 -355 
449 725 
-449 -345 -911 656 713 
450 45 
-450 -465 906 27 
451 -894 -149 
-451 -244 -942 -421 -766 
452 -599 624 -968 -467 996 
-452 -657 477 -569 838 
453 163 
-453 568 
454 -692 125 -957 -715 
-454 
455 -390 -364 121 
-455 -882 
456 -683 917 -711 -30 
-456 159 
457 633 464 
-457 93 489 641 19 878 503 
458 -415 -626 
-458 575 -114 -66 -817 
459 -780 -177 
-459 -293 43 -6 
460 983 -410 597 565 
-460 -628 775 352 446 604 835 828 
461 -970 -967 
-461 320 -588 102 -318 
462 -69 -85 339 -880 168 -850 
-462 4 
463 433 530 614 -587 
-463 929 906 -85 
464 -823 -327 617 308 
-464 -457 -345 178 
465 935 450 -751 796 608 
-465 -664 
466 906 -884 392 631 -822 419 
-466 -971 128 -316 212 
467 -946 222 -452 667 
-467 272 -410 -189 415 715 809 858 
468 -621 -153 -299 -220 296 
-468 -111 -200 -550 
469 -132 577 
-469 
470 903 -738 -429 848 
-470 897 
471 -5 -49 -529 397 -121 -434 
-471 532 -843 -783 -870 480 517 
472 759 -75 
-472 817 
473 -805 
-473 -631 171 -32 -162 
474 309 585 
-474 931 540 -866 769 -248 -392 
475 -643 
-475 -918 349 
476 200 729 -897 
-476 -676 611 947 
477 
-477 452 -306 673 657 
478 624 500 -602 -824 
-478 -486 
479 -511 -356 394 888 893 628 345 
-479 322 
480 771 -122 -379 
-480 -538 -825 -515 471 
481 821 15 
-481 429 
482 615 626 638 -275 
-482 -625 704 -567 
483 -424 -609 
-483 849 378 -408 
484 
-484 430 436 259 
485 -148 750 -207 -140 937 -374 437 
-485 -510 -86 
486 154 -321 -282 478 
-486 -953 -433 830 
487 3 688 -414 
-487 -526 -839 -602 
488 -826 -620 526 
-488 -585 
489 -532 -87 -49 -420 965 -524 717 
-489 -881 457 -296 -309 -656 -390 
490 807 -639 
-490 863 266 732 
491 819 -564 98 
-491 200 86 
492 -526 -324 122 
-492 880 -920 -357 
493 -984 -950 -220 
-493 71 -132 50 
494 -700 
-494 37 -696 
495 -682 320 -56 -502 
-495 906 -967 870 
496 -814 
-496 863 132 -860 -316 -953 
497 768 757 -357 276 -644 
-497 -965 777 
498 5 922 
-498 -601 604 -372 889 
499 835 723 614 53 
-499 -19 95 -190 
500 -692 -687 
-500 -478 -283 -683 
501 815 441 580 
-501 -859 -385 124 
502 -725 -495 -876 
-502 396 -739 252 
503 423 -561 -513 969 526 206 
-503 799 898 698 457 
504 385 434 
-504 550 
505 -41 
-505 
506 966 988 
-506 662 688 -174 
507 -882 -544 
-507 -196 
508 -752 
-508 -982 741 -299 
509 -887 -956 
-509 -375 776 
510 981 3 485 385 -916 
-510 -574 566 38 
511 -479 -990 984 178 -50 
-511 -561 -394 -48 
512 -589 267 -737 126 
-512 687 -198 862 629 
513 712 -503 372 
-513 665 963 
514 -815 703 
-514 -427 566 37 
515 -252 480 
-515 305 
516 -202 398 
-516 222 -130 822 
517 782 
-517 264 471 
518 893 
-518 -56 73 -187 
519 311 -862 
-519 -981 -8 
520 -734 738 -240 862 
-520 -767 -309 
521 -16 683 -716 
-521 564 181 
522 26 -861 
-522 855 -50 993 985 289 
523 -601 -618 
-523 -866 
524 -128 -489 349 -603 -442 
-524 -786 -339 548 
525 -663 -279 
-525 345 
526 487 -103 -333 422 -5 -492 714 -676 
-526 -733 -688 -488 -503 867 
527 -23 
-527 182 727 -148 -239 
528 786 
-528 578 874 -19 -188 -32 
529 -687 -471 557 670 
-529 -174 -311 285 -100 11 
530 -389 
-530 877 -463 -862 
531 683 894 -288 
-531 722 415 -903 -708 
532 -489 -7 -7 994 
-532 471 254 153 434 377 
533 -427 120 387 -538 689 
-533 217 287 534 -970 
534 -748 652 -843 
-534 -264 533 323 
535 -317 889 900 876 
-535 558 -582 -240 -96 185 
536 346 634 -590 
-536 
537 -799 -83 
-537 -68 216 943 
538 480 -533 -664 
-538 -264 111 -760 -165 -548 
539 767 -670 
-539 -384 311 -773 -92 -747 792 
540 -260 -202 594 
-540 474 104 54 
541 119 973 -446 
-541 423 849 845 656 583 
542 -680 375 -192 76 
-542 324 -989 
543 -571 
-543 293 83 
544 -507 
-544 -158 602 346 
545 -426 911 -354 -600 652 
-545 -684 -771 
546 951 323 364 
-546 61 -67 8 
547 -926 
-547 403 -910 
548 538 -278 
-548 -293 110 344 -66 524 -570 
549 783 689 -768 160 -929 
-549 -364 
550 -955 468 831 
-550 504 
551 -964 -589 602 -384 
-551 -412 732 354 -858 
552 -581 -366 -554 991 37 
-552 -569 -755 
553 -867 
-553 59 
554 348 607 150 -552 -82 858 -218 996 774 879 -901 192 
-554 -559 797 -563 
555 -649 -964 
-555 197 
556 -563 
-556 636 368 
557 -56 803 
-557 931 -792 -529 
558 -676 -86 
-558 300 535 
559 737 -609 554 51 -731 -116 395 786 
-559 -822 -920 598 433 -992 -661 101 -390 -641 -964 -612 
560 
-560 409 -103 
561 -503 -388 511 
-561 -783 
562 
-562 598 607 -826 
563 860 -418 985 -948 554 -556 
-563 53 -25 30 
564 -491 654 
-564 -874 521 
565 -173 -183 
-565 -441 -460 
566 -790 -37 964 
-566 510 257 514 
567 -294 797 -154 482 
-567 10 -77 615 406 -586 
568 -273 6 721 94 
-568 453 
569 552 452 145 
-569 -250 -905 
570 -850 548 
-570 -836 315 -923 941 
571 -543 
-571 -256 109 -77 -572 35 -402 
572 -133 -774 571 674 
-572 -140 878 -74 
573 909 
-573 833 
574 510 168 169 
-574 
575 -869 290 -97 -652 -623 
-575 458 -310 -123 
576 142 -428 
-576 
577 696 
-577 -469 402 256 90 238 
578 772 
-578 -994 528 913 
579 -870 -779 -47 
-579 -898 944 
580 648 -333 -227 -812 
-580 196 2 -683 315 -951 -501 
581 41 -552 -18 -641 
-581 -421 -674 372 823 917 
582 535 693 -175 
-582 -604 293 674 
583 -693 -216 
-583 972 252 352 541 
584 446 -365 828 
-584 962 340 264 -854 259 
585 488 
-585 -150 802 -474 
586 -275 213 567 
-586 -308 3 
587 -242 -463 
-587 
588 -786 461 333 
-588 397 -286 656 
589 -365 -512 -551 198 
-589 -758 681 -199 
590 913 -536 -9 
-590 -37 -863 825 
591 238 -678 928 347 -445 
-591 201 -259 -235 
592 -638 -918 -741 237 -755 
-592 
593 964 652 898 
-593 153 
594 -709 860 -847 
-594 -540 
595 -702 58 -601 -261 
-595 -43 228 -915 
596 -88 706 -942 608 -404 
-596 -938 627 -953 
597 -129 259 -774 653 700 -3 967 
-597 -54 -790 -460 
598 182 -333 195 
-598 559 562 -186 
599 -683 -644 -452 -24 -930 
-599 
600 -422 -649 -680 -545 
-600 -668 619 -964 976 
601 329 498 -595 -523 839 
-601 -772 705 68 
602 737 487 -478 
-602 -551 544 
603 -524 636 
-603 -65 944 974 
604 582 800 38 392 -979 
-604 -774 498 421 460 
605 753 -960 
-605 714 
606 -655 49 -432 
-606 
607 179 -233 934 
-607 -554 562 -852 
608 
-608 -792 -158 -596 -465 
609 -559 -483 
-609 -383 -743 49 -626 
610 116 122 434 869 
-610 -638 -198 
611 -419 407 
-611 476 974 
612 -109 -8 -232 559 -232 
-612 -61 903 
613 -925 638 
-613 237 -133 
614 294 -399 -638 
-614 104 180 -853 400 -113 -463 -499 -104 
615 282 681 122 175 
-615 567 -482 -55 845 763 -819 
616 652 -300 
-616 96 687 
617 
-617 -746 -924 -798 -464 
618 273 -261 -829 279 -134 -523 
-618 195 638 
619 81 417 641 
-619 600 661 
620 102 -488 
-620 -103 163 
621 -315 -468 -202 
-621 
622 115 890 -423 302 
-622 898 
623 -834 794 -575 
-623 -691 807 -243 
624 -848 
-624 198 -478 -452 -448 
625 -425 97 482 755 
-625 -900 810 
626 609 -458 -382 -825 269 
-626 45 -482 -285 44 231 
627 647 -406 
-627 -887 596 -387 -201 142 
628 460 
-628 -192 958 -479 264 -5 70 
629 259 275 
-629 93 512 
630 286 801 -955 
-630 -800 -652 310 348 
631 473 -865 244 -995 -693 
-631 85 -353 -466 
632 -936 
-632 -946 -197 
633 315 -747 
-633 -457 -200 
634 300 -181 
-634 -536 939 828 
635 28 116 47 -398 764 -679 317 -665 
-635 835 
636 -858 268 99 
-636 434 556 -965 -603 
637 -943 292 249 
-637 -664 -213 -366 
638 610 -732 -951 -592 -614 
-638 -271 618 214 218 -613 -482 
639 -982 351 -322 -490 9 
-639 -343 -818 
640 338 714 435 
-640 -680 -56 758 
641 -932 -67 -918 559 -581 
-641 457 770 -619 
642 
-642 -63 349 965 
643 -475 4 694 
-643 215 146 425 
644 -599 -224 955 -497 
-644 296 148 
645 -893 194 233 
-645 -282 -897 741 
646 217 127 
-646 888 -19 
647 -313 273 
-647 -627 -865 
648 
-648 -580 189 863 363 
649 -102 -600 -555 -688 -43 -74 
-649 136 -813 -898 
650 -933 -819 
-650 884 329 724 -240 
651 -656 
-651 -11 10 -913 -207 
652 630 -665 438 -575 -87 661 
-652 -616 -534 -593 -334 911 -545 
653 -189 -140 -698 -654 
-653 -597 -990 
654 666 -653 
-654 378 -806 -564 
655 -281 -606 989 
-655 -337 696 267 -818 969 
656 -684 489 -651 717 
-656 -357 873 449 430 588 541 -325 
657 452 
-657 -95 477 
658 357 
-658 -868 
659 -208 73 126 
-659 58 -830 
660 -853 -430 
-660 -961 -784 -21 
661 -772 559 -974 -167 -416 
-661 321 -335 619 -667 -652 
662 40 -985 853 
-662 -773 807 506 -26 709 -34 
663 -251 -525 -92 -950 -383 
-663 48 203 -814 740 -923 
664 -834 -897 637 -97 -787 465 -538 
-664 383 -208 -107 
665 -652 -735 -635 
-665 -830 -121 -941 513 441 -813 -861 
666 -936 -768 
-666 -654 912 -913 91 156 
667 340 -742 441 661 
-667 425 -467 
668 -343 600 -117 
-668 162 
669 910 835 
-669 -745 -957 
670 -178 -539 -430 -196 
-670 375 -529 
671 50 
-671 
672 255 
-672 865 -196 
673 -697 
-673 747 852 -21 477 268 
674 581 -134 -120 -936 
-674 -787 -134 242 -225 -685 582 -572 
675 -124 -200 -394 -751 
-675 -184 401 700 
676 -558 -13 476 785 -526 
-676 -303 
677 770 -56 840 
-677 718 901 -993 
678 -794 -591 913 131 
-678 183 151 774 
679 -635 787 -61 
-679 972 -689 
680 -542 640 -600 
-680 -308 
681 -878 708 -846 -447 
-681 -214 882 589 -615 -91 886 
682 -495 280 -35 431 740 -787 
-682 976 -415 176 
683 -456 -599 113 183 580 500 
-683 -531 -521 -113 
684 -40 545 -656 -789 
-684 210 398 
685 674 100 -230 
-685 
686 -991 419 -707 818 -122 
-686 171 
687 32 -162 -529 -402 -500 
-687 892 981 512 616 735 
688 189 526 -649 418 
-688 -818 773 -487 506 
689 988 105 868 -116 679 
-689 -549 51 -533 -201 
690 -241 805 -94 118 
-690 -427 
691 111 623 139 
-691 -388 -281 
692 -454 32 -500 342 
-692 -754 -95 
693 -754 -929 -583 -631 -708 
-693 -582 869 
694 -942 
-694 -892 -302 -643 427 
695 -857 
-695 -698 221 -221 -130 880 
696 -742 494 335 
-696 -577 655 862 
697 -186 -673 716 229 992 -743 
-697 -196 -919 316 -836 
698 695 129 761 376 -653 
-698 950 -128 144 503 
699 131 180 -827 -783 -439 
-699 
700 292 244 -494 
-700 -597 675 
701 -879 -59 -776 
-701 -832 278 
702 -595 -308 742 
-702 -300 
703 -299 39 -854 
-703 -514 814 
704 -121 -7 -49 737 
-704 -224 835 482 
705 
-705 182 -998 -815 341 601 
706 979 -276 -249 -959 923 972 
-706 -877 -596 332 
707 -686 -96 850 -234 302 
-707 420 
708 531 -693 -262 
-708 -681 924 
709 -594 264 362 886 -999 
-709 760 -919 662 -819 
710 -37 22 194 
-710 231 -716 
711 -910 725 -456 
-711 828 -45 
712 -62 
-712 -141 329 -513 379 
713 954 
-713 -747 449 -869 
714 -337 -184 
-714 -861 935 791 -640 -268 -294 -526 605 
715 -295 -433 -454 
-715 467 
716 107 30 710 -521 
-716 -697 404 
717 268 983 831 
-717 -489 -656 
718 -62 835 -273 369 
-718 677 929 
719 -342 293 156 
-719 -938 
720 -761 
-720 
721 358 
-721 186 -568 
722 46 -209 
-722 531 -92 321 89 
723 336 -931 -871 -837 
-723 -499 -185 
724 -58 837 392 
-724 650 354 
725 -794 -246 -502 
-725 873 -711 -449 982 
726 955 
-726 -122 
727 928 932 -204 
-727 239 527 400 
728 -309 854 -953 173 240 
-728 747 730 364 
729 236 -781 953 
-729 -476 158 333 
730 
-730 161 57 728 -400 
731 -559 271 -192 -345 97 762 
-731 256 -761 -297 
732 -191 -638 796 
-732 -363 321 -796 551 490 -200 
733 247 526 
-733 -204 -112 344 271 -890 -277 
734 -520 262 966 -311 -157 
-734 -975 763 
735 180 -208 -665 313 
-735 -385 687 789 430 
736 151 
-736 
737 -237 -512 
-737 -559 -602 782 869 -704 
738 -470 -278 191 
-738 -520 817 773 
739 -27 -165 502 
-739 940 
740 -321 -340 196 851 -132 -140 
-740 -837 663 -682 
741 -592 
-741 508 357 645 
742 -696 -667 361 -802 
-742 -702 404 
743 609 -77 -168 -697 
-743 -358 -59 340 
744 -200 49 
-744 85 749 -303 
745 -391 354 669 153 
-745 850 992 
746 307 617 
-746 -398 12 172 -152 
747 713 923 -301 539 -633 
-747 728 673 859 
748 -356 -534 
-748 -220 -889 -176 
749 105 113 
-749 744 -380 158 -750 
750 749 
-750 -485 915 
751 -465 -760 872 -675 
-751 74 -437 
752 16 -508 239 
-752 182 -39 
753 143 
-753 329 -605 -347 
754 -693 692 -265 
-754 -145 -309 
755 975 -838 188 552 -592 -100 
-755 -625 
756 
-756 -941 
757 116 -61 -199 -19 
-757 -497 -323 
758 -762 -785 589 
-758 775 -49 -17 640 
759 -134 394 -768 871 
-759 -472 -86 
760 538 -751 
-760 -4 -127 -118 709 -951 
761 -15 -720 -788 793 731 
-761 -698 
762 -758 -128 -117 
-762 223 -394 426 -731 7 
763 -832 363 -916 
-763 615 734 -89 
764 
-764 -635 -304 -390 345 
765 -180 40 
-765 -205 -923 -145 
766 798 451 -270 
-766 20 222 
767 -780 520 
-767 -539 -340 
768 -666 -759 180 -549 
-768 -497 816 417 
769 -1 855 129 -889 
-769 474 -408 -33 
770 -823 -774 156 
-770 -677 824 908 641 
771 -417 545 
-771 -430 -480 -24 
772 -661 601 428 
-772 -578 -141 -881 32 239 -340 
773 662 103 539 
-773 688 -892 738 
774 604 -597 -572 -770 291 
-774 -256 -429 -379 678 -554 419 
775 
-775 758 460 -256 
776 359 -701 294 
-776 -288 509 
777 
-777 497 
778 785 
-778 -273 352 155 843 
779 832 812 -316 -39 -579 
-779 873 836 861 
780 -767 945 434 -459 860 803 
-780 408 839 
781 -181 -729 -443 312 
-781 
782 -883 -210 
-782 375 -517 737 
783 -357 561 471 -699 
-783 -549 -14 
784 -369 410 -62 660 
-784 -952 960 
785 -758 -136 
-785 838 -676 -778 
786 -588 524 -88 376 51 323 
-786 -528 -372 -305 -559 
787 674 -355 -664 -682 
-787 -158 101 -679 
788 -761 -73 -371 -3 
-788 
789 -813 -436 -275 294 -150 408 -684 82 
-789 923 735 898 
790 401 597 -566 
-790 -23 
791 -364 867 
-791 367 -245 714 814 
792 -891 608 557 229 
-792 967 -827 539 
793 100 
-793 -315 147 -761 -6 30 -309 -335 
794 -725 -678 337 441 
-794 874 -120 837 -623 
795 888 -89 
-795 272 997 419 
796 732 
-796 -218 -732 -465 
797 143 980 
-797 -341 -567 554 -370 
798 617 
-798 -883 -766 306 
799 206 -242 -537 417 
-799 946 -367 503 888 -180 
800 630 -986 -866 433 
-800 -604 990 
801 194 -260 
-801 -891 -630 -314 -252 
802 -363 -742 -431 
-802 212 881 585 
803 -168 
-803 425 -304 145 -557 -780 
804 -44 -825 
-804 18 972 -846 
805 894 -20 -473 169 -994 
-805 -690 5 
806 654 867 84 
-806 
807 -856 -13 
-807 662 -490 623 
808 -55 
-808 -333 -865 
809 
-809 -12 -357 -999 467 
810 948 
-810 30 -959 625 


812 11 -580 
-812 -779 947 
813 -789 -133 649 665 299 
-813 
814 -496 663 
-814 54 352 791 703 
815 -24 705 -514 
-815 -421 -501 
816 -319 
-816 768 
817 184 458 
-817 824 738 472 194 
818 254 688 60 655 639 -291 
-818 -686 105 266 
819 -650 709 615 
-819 -491 -377 
820 250 862 -276 -40 
-820 378 
821 -232 -93 
-821 -995 -481 -824 -249 
822 559 -153 -466 
-822 -263 114 516 
823 -770 -464 
-823 297 581 
824 186 821 -478 
-824 817 770 948 -298 -182 -232 
825 -2 -221 480 -86 -804 -626 -260 
-825 590 
826 -488 852 -936 895 562 295 
-826 -241 -220 427 372 
827 -39 -699 792 
-827 -177 
828 
-828 711 107 460 -584 634 
829 -159 -618 
-829 295 
830 665 659 834 
-830 486 
831 984 -43 
-831 -550 -717 
832 883 -763 701 246 
-832 -779 313 -381 
833 
-833 421 573 
834 -664 -623 -999 
-834 989 -12 -830 
835 -311 -432 -171 -195 -420 
-835 -499 103 -718 -135 460 -669 704 -206 -145 635 
836 -257 570 697 
-836 -333 779 -286 413 -947 
837 -898 740 942 47 -723 -855 
-837 -857 -872 794 -724 -396 
838 200 -755 934 889 
-838 785 47 -381 452 870 
839 -858 973 487 135 
-839 9 862 780 242 236 -601 429 
840 -423 302 
-840 264 -886 -677 
841 47 971 861 362 
-841 139 
842 278 -2 79 -407 
-842 930 
843 946 471 -534 238 
-843 -34 966 778 
844 -171 
-844 -444 105 
845 -52 
-845 49 541 -396 615 
846 992 159 804 -681 
-846 398 863 273 -219 
847 -594 -188 
-847 317 -928 890 
848 -624 114 
-848 -961 177 -470 
849 -359 -999 -427 168 
-849 483 541 151 -282 
850 360 -954 -362 -570 -462 
-850 -707 745 -100 -906 243 
851 
-851 -296 -740 141 
852 -999 607 
-852 -175 -826 673 306 
853 -339 170 -660 614 136 -364 27 
-853 -418 -961 188 -394 -662 
854 972 584 -703 
-854 -728 -191 128 
855 255 -837 
-855 522 -914 -769 
856 398 -807 94 
-856 938 -395 
857 182 837 -695 -335 
-857 -946 
858 -839 -141 -636 551 
-858 -554 467 
859 501 1 -56 
-859 335 747 -299 
860 496 
-860 -594 -563 -79 -780 
861 714 -213 665 -522 
-861 -841 779 340 174 
862 -299 -519 530 
-862 839 512 -820 696 -520 -186 -387 318 
863 590 
-863 -151 496 846 490 648 440 
864 -236 151 -49 80 
-864 311 
865 808 -631 647 -413 
-865 -89 905 672 -418 -997 
866 -447 474 -800 523 -281 
-866 438 284 
867 -553 975 
-867 -806 409 -791 526 895 
868 -228 658 -437 
-868 -61 -689 
869 -68 -575 -30 895 713 
-869 -610 110 323 693 737 
870 -579 471 -938 
-870 495 838 
871 -723 230 201 
-871 -759 
872 837 
-872 -929 -751 
873 -136 
-873 779 725 656 
874 564 
-874 -921 238 528 794 -373 
875 -973 
-875 355 
876 -502 
-876 378 115 -535 
877 706 -387 
-877 530 
878 -681 417 -955 
-878 572 457 270 
879 -701 -895 -249 -177 
-879 359 -554 
880 -53 -462 
-880 492 -320 391 695 
881 489 772 
-881 802 352 -441 
882 -507 -322 -353 455 -252 
-882 681 -210 -59 
883 -952 -782 798 911 -30 12 395 
-883 -832 -61 -980 944 214 280 138 
884 -466 416 -964 964 
-884 650 -12 
885 
-885 -381 -325 
886 -288 840 
-886 278 -65 -709 681 
887 -509 627 -144 -389 
-887 200 -333 
888 373 415 -273 344 
-888 646 -479 -174 799 -974 50 -795 
889 -73 -54 -769 748 
-889 -535 498 -838 
890 74 166 898 344 31 311 733 
-890 -622 847 
891 -792 304 -398 801 896 
-891 -50 
892 694 -387 773 -17 
-892 687 -296 -101 -993 
893 -645 
-893 -518 976 32 -479 
894 -451 
-894 -805 72 -531 
895 -879 54 -411 
-895 -972 -826 -869 867 
896 37 247 
-896 -891 
897 -664 645 -476 -311 
-897 470 -49 227 
898 -837 579 649 
-898 622 -890 503 299 -593 789 
899 -918 
-899 56 -155 
900 625 -407 
-900 -535 -344 
901 -188 -554 
-901 677 
902 -420 
-902 -65 
903 531 -426 
-903 -470 612 


905 -345 569 
-905 865 -307 929 
906 335 271 850 
-906 -466 495 463 450 
907 -985 -333 -60 
-907 -73 -55 
908 127 
-908 376 770 24 
909 -443 -938 
-909 930 -573 293 
910 -711 -245 547 
-910 -669 186 
911 449 -382 
-911 -883 -545 -54 652 
912 202 -183 
-912 666 -420 107 
913 -334 666 651 
-913 -590 578 51 -678 
914 855 -297 252 
-914 -953 -377 -313 
915 202 290 595 
-915 190 750 -962 
916 -763 -510 
-916 -172 -6 
917 -389 427 235 
-917 -456 -431 581 
918 -84 475 -592 -899 -641 428 -222 
-918 -10 964 
919 697 -445 709 137 46 
-919 
920 559 492 -127 
-920 -259 
921 874 -259 -950 971 
-921 -310 
922 -315 
-922 -29 253 -985 -498 
923 765 570 663 284 
-923 -158 -747 -706 789 
924 -252 617 
-924 708 
925 -613 927 123 
-925 354 
926 -547 
-926 -86 -382 
927 -977 -106 -203 -295 -957 
-927 135 -925 -205 
928 -75 139 253 847 
-928 -727 -591 393 
929 -693 872 -2 -994 -549 
-929 463 905 -283 718 
930 343 -975 -599 
-930 909 960 842 
931 -48 -723 137 
-931 474 557 
932 -641 -355 
-932 -727 
933 -650 -221 
-933 -45 
934 280 
-934 -838 -607 
935 
-935 714 -465 184 428 133 
936 -114 -666 234 -826 -632 -674 
-936 -29 
937 -949 20 -972 
-937 243 -251 -485 212 
938 596 719 372 -909 -870 
-938 -89 -384 32 856 -336 -276 
939 -43 
-939 -6 -276 634 -172 952 
940 
-940 372 739 
941 756 341 665 12 
-941 180 -422 2 570 
942 -596 451 -694 -108 
-942 -837 265 395 
943 271 -637 -248 359 
-943 177 -979 150 537 128 
944 -413 -347 
-944 -946 603 420 579 883 
945 -386 
-945 985 -780 393 -307 342 158 
946 -467 944 -112 -362 632 -136 -308 857 
-946 799 -843 -423 
947 -238 836 
-947 812 476 
948 -563 
-948 -443 43 824 -159 955 -810 
949 -937 163 
-949 -69 -91 
950 -663 -154 -432 -921 -493 
-950 -963 698 -46 
951 -970 -638 760 431 580 
-951 -546 389 86 
952 -883 784 -85 
-952 162 333 -164 45 939 
953 324 914 50 596 486 -728 298 14 496 
-953 -729 
954 -850 33 
-954 -713 138 406 
955 -364 -550 -878 -366 -392 -630 
-955 -726 948 -644 
956 -435 -509 
-956 994 
957 115 -454 669 -927 
-957 -428 -233 
958 
-958 628 
959 165 -706 444 381 810 -447 
-959 
960 -218 417 -605 
-960 192 213 930 784 
961 848 660 853 -246 
-961 -421 
962 915 -48 
-962 584 -969 -202 
963 950 -219 
-963 168 206 513 222 48 
964 -551 -337 -884 -205 559 -359 600 -555 
-964 -593 974 -566 918 -884 
965 497 636 
-965 -489 -65 -99 642 
966 
-966 -506 -734 843 -283 
967 495 -150 -461 
-967 -284 792 197 -597 
968 -452 185 
-968 
969 336 -972 57 153 962 246 
-969 -378 -503 655 
970 -951 -461 533 
-970 330 
971 466 -139 
-971 -315 -841 -921 
972 895 -937 -969 -143 
-972 583 804 355 -73 679 -78 -706 -854 -261 
973 -875 -335 -211 
-973 328 -839 -541 
974 -661 888 
-974 186 611 964 603 225 240 
975 -930 734 
-975 -755 -867 
976 
-976 682 893 600 
977 -927 363 
-977 403 
978 
-978 197 363 401 
979 943 -604 
-979 -706 383 -299 
980 883 995 -48 -386 
-980 365 -797 78 
981 293 519 211 -427 
-981 -510 687 -147 
982 -639 508 
-982 -215 725 
983 -256 -152 
-983 12 -460 -717 
984 -493 
-984 -276 -511 26 380 -831 424 
985 -907 922 -662 
-985 945 307 -563 522 
986 -116 -205 -800 
-986 -447 439 
987 
-987 372 128 
988 129 
-988 -689 408 -506 386 201 
989 -18 282 542 
-989 834 -316 -655 383 
990 -511 653 290 
-990 215 800 
991 -686 171 254 
-991 -552 
992 362 559 399 -151 
-992 -846 366 -697 745 165 356 
993 892 677 
-993 138 522 -399 
994 578 -929 -805 
-994 20 956 -1 -152 -532 
995 821 -631 149 326 
-995 -980 262 200 
996 
-996 90 -87 -94 -554 -452 
997 -247 865 
-997 -442 795 
998 705 
-998 134 -339 
999 -849 -852 809 -395 -709 -1000 -834 
-999 
1000 -182 438 -999 
-1000 -397 275 
