3000
884 650
976 682
-891 -792
-155 426
588 397
-835 -311
-864 -236
656 -357
256 336
903 -470
434 636
-800 630
-89 865
949 -69
-190 -167
-315 -621
804 18
-98 420
252 -288
-921 874
652 -616
-469 -132
-734 -520
-31 -352
-180 -49
-489 -532
883 -832
-391 -745
43 388
259 -303
-26 51
297 823
907 -73
-343 -198
-776 359
-55 907
429 -206
759 -472
-890 74
-604 582
-982 -639
802 212
-319 -816
365 191
569 -250
-765 -180
403 977
351 142
-2 -825
981 -510
-524 -128
697 -196
-936 -114
-641 -932
-100 -7
638 -271
-292 244
-511 -479
-381 885
-936 -666
-470 -738
-488 -826
-241 -690
195 618
102 -620
-382 27
20 766
457 93
107 -144
-360 -240
988 -689
-383 609
-744 -200
972 583
-963 950
-129 -597
972 804
-643 -475
-856 398
136 649
779 873
349 280
-638 610
728 747
604 -774
182 705
698 950
929 463
207 19
254 -818
215 643
-997 -247
-981 293
165 -959
826 -241
-725 -794
333 329
-759 -134
309 -474
793 -315
135 927
-588 -786
-199 178
-973 -875
-121 418
-938 596
996 90
-861 714
-363 -99
-19 499
193 430
-990 -511
666 -654
-421 581
-495 -682
-221 -825
-75 -928
151 -864
-748 -356
-186 -697
12 983
-559 737
893 -518
-472 -75
-486 154
372 -163
-739 -27
-857 182
-108 302
-877 706
295 829
-301 275
-528 786
-743 609
-116 -212
320 461
767 -539
664 383
-10 436
-706 979
-272 -241
584 962
-148 -485
865 905
837 -857
834 989
-359 -392
725 873
-762 -758
-208 -659
143 -753
989 -316
-989 -18
-276 984
-122 726
-468 -621
329 650
-293 459
-579 -870
115 -957
-715 -295
-191 -732
-732 -638
775 758
409 560
-594 -709
672 865
-596 -88
-588 461
-627 647
-385 735
348 -76
-749 105
-554 348
-310 -320
-601 329
559 -822
578 -994
-696 -742
-241 301
59 -94
-328 -8
-181 -781
-709 264
687 892
-706 -276
-62 -718
-589 -365
-520 738
-858 -839
-535 -317
-709 362
-151 863
-729 236
136 -94
-951 -970
-612 -109
-568 -273
-447 -204
483 849
-456 -683
-749 113
270 44
-364 -791
-787 674
-175 852
45 626
-485 750
-678 -794
141 -253
-109 315
-842 278
-207 -485
-681 -878
-355 -787
-691 111
-861 -213
-157 -48
-456 917
-68 -869
935 714
-141 712
-503 423
-296 892
-134 -110
-132 -73
343 -930
846 398
239 727
713 -747
-879 -701
-947 -238
-343 -668
994 20
936 -29
222 766
-728 -309
-599 -683
-69 -462
-246 124
939 -6
201 591
-670 -178
9 248
-408 -1
780 408
460 -628
-744 49
273 -618
47 -14
-486 -321
-511 984
-8 131
-890 166
-551 -964
-159 -251
402 -369
378 820
-609 -559
-883 -952
-887 -509
388 -216
362 -992
881 802
-48 -931
-832 -763
34 183
-542 -680
-676 -558
-773 662
-910 -711
696 -577
10 567
-101 892
909 930
-925 -613
-286 588
-789 -813
395 130
-336 -47
479 322
-782 -883
518 -56
188 -197
423 541
24 138
-447 171
894 -805
648 -580
-487 3
-114 -116
759 -86
-853 -339
-288 342
-224 704
-8 51
-333 836
724 650
-4 760
-949 -937
-946 -467
-273 778
905 -307
-54 597
799 946
333 -588
944 -946
524 -786
-281 -655
541 849
435 179
-834 -664
374 -270
-891 304
264 840
775 460
-249 -706
-189 -653
95 -114
-933 -650
975 -755
-158 923
489 -881
957 -428
-925 927
355 875
-415 -320
-900 625
-108 -21
-112 -946
-892 694
-938 719
970 330
-235 59
110 -185
200 -838
928 -727
895 -972
184 -227
694 -302
378 654
-711 725
567 -77
192 960
49 609
-534 -748
898 622
838 785
-620 -488
568 453
-425 -625
492 880
-945 -386
-139 383
-33 369
-956 -435
449 -345
183 678
743 -358
-61 612
-321 -740
-986 -116
-690 805
973 328
-172 -96
-365 200
261 -434
-315 971
581 -674
863 496
238 874
-85 -462
200 -476
-554 607
-772 -661
-38 198
-419 -611
836 779
-357 -783
-830 665
-233 -448
473 -631
-991 -686
-581 41
814 54
-418 853
262 -734
-593 964
-87 -489
-762 -128
127 404
-891 -398
304 -397
-858 -141
372 581
-645 -893
682 -415
243 937
-874 564
-119 -3
-806 654
967 -284
196 580
-378 148
799 -367
186 974
-866 -447
-369 -784
-719 -342
-897 -664
-597 259
-801 194
-226 415
-846 992
-693 -754
-81 -82
419 -686
272 467
-246 -725
-545 -426
311 22
963 168
340 -667
-127 760
375 -542
-375 509
913 -590
832 -779
-920 559
213 960
28 281
300 558
556 636
-8 -612
-589 -512
-159 -829
-707 -686
-261 -618
823 581
58 659
95 499
421 833
-688 189
352 881
-267 -223
-333 187
-86 926
628 -192
922 -29
812 -779
227 -287
638 618
-252 -924
-167 446
-770 -823
783 -549
655 -337
-89 938
918 -10
-594 860
-334 -913
61 546
-427 -533
760 -118
498 -601
883 -61
217 -646
-260 -540
683 -531
114 -293
598 559
-264 -54
401 -790
302 360
538 -264
30 344
234 -936
852 -826
-150 50
327 -98
792 967
-664 637
-880 -53
-594 -847
800 -604
-174 529
916 -172
687 981
-951 -638
-497 768
-256 774
-469 577
272 795
529 -311
-228 -41
-830 659
321 661
577 402
-733 247
344 -192
584 340
-259 -253
186 -824
-221 -49
978 197
883 -980
733 -204
206 -799
-919 697
-356 -479
248 370
808 -333
665 -121
585 -150
623 -691
-534 652
351 -639
818 -686
-359 -849
-87 235
-677 770
526 -733
-792 608
-226 -198
624 198
-684 -40
-335 661
354 165
-66 301
-1 -769
150 -554
-141 55
-521 -16
528 578
-313 337
182 752
577 256
-768 -666
-930 -975
847 317
-26 391
446 -584
-63 642
571 -256
4 -643
985 945
-644 -599
624 -478
-855 255
935 -465
906 -466
954 -713
206 -152
229 -61
139 841
-663 -251
-118 -228
-261 -147
-15 -761
-944 -413
-382 217
1 410
-66 51
279 354
28 -635
845 49
662 807
695 -698
774 -429
730 161
115 -622
-507 -882
688 -818
873 656
-563 860
452 -657
603 -65
-771 -417
-198 -328
-636 -858
845 541
-259 -195
-567 -294
-917 -389
206 963
335 -906
238 -591
274 -200
132 496
26 984
898 -890
-227 159
-729 -781
-306 371
129 -698
822 -263
529 285
897 470
-581 -552
761 -698
-127 -223
-66 440
97 -625
143 -797
301 -382
-105 258
-910 -245
773 688
487 -526
-971 466
328 289
482 -625
797 -341
923 -747
-468 -153
-402 -211
833 573
109 571
-347 -944
-333 -580
-202 -540
80 215
-103 355
311 360
-610 116
280 -682
-211 204
868 -61
-103 -526
506 662
5 187
-398 746
-121 -704
-606 -655
-884 -466
722 531
-288 776
-960 -218
501 -859
-25 -369
415 531
-427 514
272 262
-450 45
319 193
689 -549
500 -478
776 509
-692 -454
-864 -49
33 -37
-697 -673
-746 307
-444 844
980 365
835 -499
-671 50
-739 -165
-983 -256
-499 723
-96 -707
-87 418
-413 252
-838 -755
285 -55
-23 -527
-30 -268
-388 691
-351 -98
645 -282
337 418
-354 -4
995 -980
834 -12
-806 867
-454 125
-644 -224
-982 508
-465 450
324 -953
-774 -597
-822 -153
-217 -350
-489 -49
-91 949
522 855
651 -11
-237 -737
-287 131
-275 -586
408 386
-92 722
-177 827
-97 -664
-663 -525
972 355
-626 609
449 -911
-869 -575
-964 -337
633 -457
268 -636
-125 -97
-506 966
-37 590
-76 11
-589 -551
545 -684
-681 708
-56 -6
379 -113
914 -953
706 -596
839 9
-95 159
-829 -618
-526 -333
-597 653
-340 -375
-843 946
147 793
-443 948
-887 627
-985 -907
116 -635
938 -384
-299 -468
-366 -552
-94 184
-758 -785
-313 -647
-981 519
-693 -929
-711 -456
925 354
707 420
-803 -168
-820 250
239 286
-431 917
75 -265
694 -643
103 835
725 -449
47 -635
-920 492
-877 -387
107 -716
-168 -156
-230 -135
-883 798
-842 -2
-707 850
604 498
-279 -60
666 912
69 280
-398 108
512 687
267 -512
-592 -638
600 -668
-8 519
-11 -367
972 -73
984 380
134 -42
-742 -667
-340 767
182 527
-697 716
-58 -724
-883 911
-584 -365
531 -903
-913 666
11 -265
-436 -789
-595 -702
539 -384
-479 394
-49 758
-995 821
-283 500
-195 -141
-443 -781
433 559
-841 47
50 -953
-794 337
808 -865
-140 572
-691 139
8 337
489 457
-247 -279
683 -521
-992 559
-961 848
712 329
-596 -942
170 -256
-649 -102
147 329
230 -80
-676 -13
474 931
-176 54
-422 -600
53 563
-362 -230
32 -687
617 -746
-522 26
-43 36
-631 -865
292 -700
346 -536
58 -595
747 673
133 357
990 215
616 96
162 -409
460 352
676 -303
-418 -563
417 -960
-772 601
705 -998
476 -676
85 631
862 839
-943 271
-557 -56
-936 -826
-128 376
756 -941
378 876
540 474
-780 -767
-914 855
-300 -616
-487 688
-466 392
366 992
996 -87
-50 891
361 -742
13 -71
-586 213
-487 -414
-866 474
835 -718
660 -961
58 -345
-520 -240
-485 -140
-980 -48
597 -790
351 84
-986 -205
-597 700
-125 65
503 799
-24 -815
535 558
-171 -844
180 941
81 303
-7 -704
302 -280
783 -14
824 817
705 -815
-794 441
914 -377
567 615
-127 -920
611 476
483 378
104 -350
647 -865
760 709
-868 -228
818 105
-868 658
-790 -566
-936 -632
-482 615
768 816
-226 -137
-293 548
-977 -927
-339 524
-639 -322
20 19
389 347
122 -610
516 222
-544 -507
-554 -552
-420 329
603 944
863 846
-838 934
284 425
320 -495
-789 -275
912 -420
244 -700
-702 -308
460 446
222 -297
-140 71
105 -689
-952 784
-423 -840
-26 662
771 -430
430 484
-602 737
-841 971
-272 -320
-7 76
-246 293
222 -467
751 74
-337 -714
742 -702
160 -92
548 110
627 596
17 -62
-515 -252
922 253
354 -335
-190 499
946 -423
-13 390
-202 -516
674 -134
787 -158
-452 -599
972 679
-39 -28
104 614
313 832
180 614
425 803
867 409
-850 360
-924 617
746 12
114 822
341 43
-437 -868
602 -551
67 103
586 -308
-928 139
-82 -554
-856 -807
393 159
-610 434
38 -604
-576 142
28 -182
162 952
293 -719
-303 -266
171 473
655 696
845 -396
710 231
-800 -986
-959 -706
-310 -138
770 824
952 333
329 -244
494 37
940 372
-276 939
457 641
6 -568
-381 -289
253 -928
335 74
575 458
555 197
-888 373
-378 969
-221 186
-304 803
955 -726
341 -941
-476 729
-471 -5
-800 -866
-468 -220
-985 922
502 396
279 336
-185 -240
474 769
-347 287
399 -992
354 -745
-739 502
37 401
223 762
110 193
286 -74
449 656
256 192
724 354
415 -888
385 -429
-780 945
745 850
-943 -637
-491 819
473 -32
-853 170
727 527
-573 909
57 730
-103 560
-662 40
631 -353
-576 -428
-578 772
-387 -414
912 107
608 -158
954 138
-386 -309
417 768
874 528
-495 -56
11 230
151 678
60 -818
307 985
496 -860
-77 571
948 43
528 -19
966 -734
220 -368
655 267
198 190
498 -372
817 738
-715 -433
391 -310
-535 889
-29 377
-489 -420
-130 516
-687 -162
-155 268
-610 869
52 -327
-100 -70
-927 -106
-918 -84
-189 -389
667 425
965 -489
929 905
-18 357
-629 259
-462 339
960 930
512 -198
556 368
-949 163
-245 254
-574 510
681 -214
-755 188
-561 -503
-75 67
-941 665
846 273
-382 -435
-601 -595
12 -941
394 -759
-754 692
-164 952
988 408
-133 -312
801 -891
846 -219
772 -141
-410 467
367 287
358 -721
315 -633
166 417
-706 923
-580 -227
528 -188
-917 427
-808 -55
376 -698
-880 -462
406 104
984 -831
-884 416
-292 -446
-955 -364
344 548
206 -332
538 111
-734 -311
797 -567
304 331
-215 982
-328 8
275 -629
146 -99
297 -439
221 -49
-853 -660
300 307
-953 596
640 -680
-848 -624
-464 -823
-575 290
791 367
-895 -879
134 396
692 -95
-761 -720
854 -728
-316 -779
-379 774
-684 -656
945 393
410 -784
-95 -312
880 -320
174 92
888 646
886 278
694 427
261 338
-837 -898
-596 608
4 462
943 177
-918 475
-464 -327
-663 -92
-210 -782
-184 675
477 452
-513 712
-393 -69
-901 -188
888 -479
697 316
-357 492
921 -310
-454 -957
-242 -799
-362 -946
386 182
-704 -49
-73 -889
-674 -134
-760 538
-401 -373
-834 -623
84 -51
508 741
-634 300
-606 49
-512 -737
-929 872
211 -981
-611 407
-674 -120
864 311
-964 -884
-539 -670
632 -946
-533 120
-849 -999
-715 -454
993 138
468 -111
-841 861
-62 -784
-903 -426
-283 243
-591 -678
20 -937
99 -636
116 -757
645 -897
299 223
-597 -3
638 214
973 -839
-859 1
59 56
244 -631
-369 -429
815 -421
-604 392
561 -783
-700 -494
-69 -75
-846 159
471 532
-980 -386
-934 280
-364 260
-66 548
387 77
-192 -542
338 -640
-445 -919
10 651
-158 544
-259 591
624 -452
221 695
-689 868
-460 983
-995 -631
-327 91
-761 -788
-34 843
182 363
-422 -263
-655 989
665 513
-398 -635
532 254
406 567
-498 5
-954 -850
480 -538
772 -881
765 -205
-21 414
503 898
986 -447
948 824
162 668
-647 273
803 145
842 930
-693 -583
-937 -972
-661 559
372 204
439 -249
-391 -155
610 -198
733 -112
202 -915
344 -890
-928 847
-799 -537
-362 -850
-377 819
495 906
976 893
32 893
-461 -970
-68 537
320 -8
-4 262
299 898
-399 257
18 355
837 -872
-961 853
47 838
-813 -133
-147 981
-358 -164
-277 -441
-913 651
-41 -505
537 216
-523 -601
37 -896
916 -6
653 -990
751 -437
-995 149
121 -373
502 252
-86 370
-388 -561
754 -145
937 -251
-798 617
-448 624
275 -251
-111 393
170 -283
-839 487
463 906
-78 287
480 -825
85 744
-263 -177
429 372
354 126
-545 911
886 -65
523 -866
12 370
-529 -687
-995 326
540 104
809 -12
739 940
493 71
535 -582
-25 89
190 915
-690 -94
998 134
458 -114
552 -569
565 -441
508 -299
31 408
-565 -173
994 956
-213 -293
-51 -71
-138 -176
191 -379
242 432
8 -188
518 73
-227 214
294 -789
-888 -273
991 -552
545 -771
843 966
-886 -288
-550 -955
-407 -900
888 -174
945 -307
-559 554
-448 -59
-97 -575
974 611
-788 -73
-35 -682
167 -268
791 -245
352 778
-132 493
-513 -503
663 48
205 200
595 -43
-740 -340
-878 417
650 -240
-376 -108
546 -67
590 -863
-535 900
-927 -203
-969 336
705 341
151 849
-362 -80
689 51
204 -20
-526 422
-154 -393
-918 -592
-652 630
-56 -368
-635 764
-953 486
-452 -968
554 797
785 -676
-232 -821
-447 296
515 305
-219 -963
-545 -354
229 -697
495 -967
-490 807
743 -59
-503 969
267 -18
-152 250
937 -485
-952 -85
619 600
732 -363
-661 -974
-991 171
-979 943
648 189
616 687
619 661
-432 -835
693 -582
-283 929
-285 364
-301 -747
347 -376
-315 -103
-554 858
177 848
496 -316
-422 941
-381 121
8 546
-430 -660
-766 798
-530 -389
559 101
552 -755
113 -683
29 320
311 -519
-458 -415
444 -959
-344 212
32 938
14 406
798 306
335 1
279 -618
-641 -67
-374 -298
844 105
420 944
-897 -476
553 59
-672 255
218 638
188 206
512 862
336 -723
-512 126
-354 155
-86 -558
450 906
379 712
874 794
-77 -743
897 -49
943 150
951 -546
-615 282
896 -891
-591 928
-12 884
1 -258
725 982
-384 -551
-899 -918
-165 538
-837 740
-630 286
202 -912
363 978
-815 -514
634 -536
-842 79
-434 -284
-11 49
995 262
615 -55
-969 -972
-533 387
3 -510
-424 -129
-204 113
-348 -361
796 -218
483 -408
994 -1
-56 640
943 537
-23 790
-697 992
-664 -787
-403 23
-429 -470
450 27
589 -758
890 -622
980 -797
-843 471
-298 824
879 359
-441 116
-716 30
-946 -136
383 979
-32 -133
-641 -918
41 -169
-322 -882
-439 -336
159 -314
-265 -754
522 -50
614 -853
913 578
194 -645
493 50
634 939
-88 -786
-315 327
964 974
-94 151
352 814
849 -282
834 -830
810 30
497 -965
-257 -836
-391 -341
485 -510
-773 103
709 -919
32 772
-883 -30
222 -247
801 -630
22 -291
-404 177
11 -812
-524 -489
855 -769
732 321
-649 -600
-299 979
410 -243
381 -959
376 908
-836 570
839 780
989 383
-649 -555
-554 -218
794 -120
278 201
948 -159
-972 -143
-946 -308
-593 652
-491 -564
-332 -295
965 -65
137 -919
217 533
-618 -134
208 -162
-887 -144
369 -93
-524 349
828 711
-182 824
210 684
-950 -663
91 666
-182 -1000
430 656
-141 -254
-786 376
196 -740
730 728
-401 -319
-2 -929
-392 -388
-759 -768
-363 -802
-244 451
-961 -246
-999 -852
338 344
-668 -117
72 -42
141 190
922 -498
639 -343
771 -480
-921 -259
-669 910
529 -100
-785 -136
501 -385
433 -249
585 802
182 -598
743 340
-743 -168
-307 37
-890 31
-848 114
-235 -33
169 -204
-20 -805
757 -497
315 570
268 -717
-32 528
793 -761
852 673
683 -113
566 510
-374 -485
957 -233
786 -372
-208 664
128 466
544 602
183 -683
344 733
434 -780
-464 617
-869 -30
-918 428
856 938
-791 867
341 -36
-94 996
627 -387
-696 494
-953 -728
-296 489
403 547
598 562
859 335
-533 -538
421 604
895 -826
440 239
941 2
-567 -154
-30 -456
559 -390
-419 356
-693 -631
-523 -618
988 -506
630 310
-182 -270
996 -554
101 787
-496 -814
655 -818
-17 758
580 2
-728 173
931 557
400 614
745 992
603 974
897 227
-853 136
-336 938
7 -393
346 544
-767 520
-892 -387
350 197
24 128
595 228
-780 -459
-419 86
732 -796
129 -988
472 817
461 102
242 674
888 799
-274 -162
448 -355
203 663
-37 -566
871 -759
-288 404
943 128
2 356
-599 -24
-566 964
701 -832
489 -309
681 882
401 675
-817 184
-614 294
319 37
-103 620
-180 189
-622 -423
-406 -627
-186 598
-938 372
722 321
774 678
250 -47
-410 -460
347 -591
-680 -600
-707 -234
-745 669
-688 526
-708 531
791 714
-223 263
237 613
-135 835
393 387
-408 769
460 604
-133 613
-640 714
7 -2
522 993
-7 -532
-488 526
-635 -679
860 -79
-281 691
-563 985
-990 290
311 539
310 -382
-553 -867
-563 -948
-94 -294
-738 -278
-225 674
530 877
451 -942
-77 318
-813 649
354 61
-468 296
-78 119
-74 169
550 504
135 -839
-150 -789
-621 -202
-308 -4
16 -752
-200 468
230 -304
-88 335
-95 657
-841 362
-888 344
-574 168
25 -394
-607 179
491 200
203 -193
866 438
-420 -215
-883 12
432 421
700 675
-67 -357
-622 302
662 709
-614 -399
-460 597
480 -515
-97 396
349 475
-238 -270
859 747
533 287
-116 -689
153 -334
81 -619
-390 302
575 -310
753 329
717 -489
958 628
-205 -964
457 19
-716 710
838 -381
-154 -950
-357 -383
-411 253
-641 559
706 332
312 -781
-550 468
51 -559
-561 511
-493 -984
94 -410
351 317
796 -732
-969 57
-465 -751
186 721
-788 -371
124 501
-479 893
637 -213
-675 -124
-846 804
840 -886
-128 698
-638 -614
-974 888
-49 -471
-399 -9
-459 -177
878 572
-192 274
-152 -983
-39 -827
-792 557
-792 229
-572 -133
-471 -529
895 -869
713 449
774 -554
-820 862
56 899
-741 -592
72 340
-774 -572
391 880
387 80
242 839
-86 485
-423 265
-427 -981
157 -156
-29 -374
681 589
-894 -451
-896 247
-184 -714
-481 821
-479 628
-78 972
-688 -649
-159 126
-25 563
760 -951
782 375
209 434
765 -923
-634 -181
225 974
909 293
964 918
-772 428
341 164
809 -357
257 566
749 744
490 863
665 441
758 640
-239 -358
889 498
188 853
252 583
674 -685
-969 153
-964 559
236 839
127 -908
-907 -333
-699 131
-800 433
818 266
-915 290
-897 -311
-953 298
669 -957
-229 72
-735 180
-6 793
443 245
869 110
787 -679
-964 -359
54 147
-34 -17
-731 -559
-665 -652
271 733
416 -245
721 -568
266 490
-411 265
572 -74
835 460
-936 -674
-572 571
-405 -420
-261 420
662 -34
452 -569
-240 -304
900 -344
180 41
-835 -171
271 -731
-294 40
-247 305
-56 -677
995 200
-784 660
938 -276
-850 -570
426 -350
755 -625
-534 -843
-536 -590
486 -433
-199 589
809 -999
-725 -502
663 -814
-279 -525
112 -5
839 -601
926 -382
903 612
-695 -857
665 -813
-799 417
446 382
803 -557
937 212
731 256
-18 -581
-205 927
-862 -299
-66 458
-240 535
-495 -502
-232 824
-266 -263
-768 180
-548 538
-148 527
862 696
607 562
489 -656
779 861
197 967
179 134
-906 271
224 238
466 -316
438 -652
-399 155
850 -100
-873 -136
585 -474
408 -789
-219 220
133 53
-652 -575
-92 200
835 -669
-264 283
551 -412
-909 -443
-541 119
296 644
-264 534
-652 -87
718 677
358 -353
656 588
852 306
-205 163
-825 -86
749 -380
-486 -282
-123 575
801 -314
292 -637
908 770
-923 570
-550 831
-152 -389
-260 169
-709 886
980 78
-410 -357
-197 632
-325 885
551 732
-906 850
-37 -710
-330 223
-956 -509
-394 -409
769 -33
395 -883
854 -191
-304 764
-929 -994
-701 -59
-943 -248
103 445
854 128
91 302
730 -400
311 -890
-774 -770
162 -365
446 -296
-305 786
-370 -363
-861 665
165 360
1000 -397
86 491
-430 -670
-613 638
-452 -467
-395 -999
-545 -600
5 805
863 648
200 887
178 161
703 -514
11 529
417 -619
-653 -140
656 541
16 -34
262 146
-909 -938
54 -895
90 577
-656 -651
-43 -831
741 357
524 548
73 -659
-969 962
-407 233
-471 397
76 -542
-267 221
-559 -116
-286 836
-887 -389
158 729
321 24
-61 -679
131 57
441 -667
-432 -950
-729 953
-3 -788
963 513
-959 810
-62 -712
579 -898
166 -90
89 54
516 822
-922 -315
950 -46
-905 -345
24 908
107 828
914 -313
153 593
944 579
-861 -522
722 89
-723 -931
-34 331
293 582
-56 -859
145 -569
129 -769
74 -103
990 800
-390 764
835 704
698 144
998 -339
-765 40
797 -370
-44 -804
870 495
22 -710
289 -46
-364 -853
-249 -879
371 374
-486 478
-353 -882
695 -221
-210 -176
-182 351
460 828
-195 -835
796 -465
717 -656
72 894
664 -107
-683 580
-421 343
-455 -390
-599 -930
-5 394
-278 -269
799 -180
467 -189
-65 902
-396 -406
-296 851
860 -780
-278 -548
342 945
467 415
-232 -243
-370 309
27 -853
-5 -526
814 791
793 30
625 810
-390 489
-119 -194
994 -152
-103 191
437 -485
663 740
264 628
471 -783
-593 898
224 -295
681 -615
-7 -532
-427 -849
-319 184
972 -706
-805 -473
-549 -768
-699 180
-734 -157
211 -182
865 -418
-583 -216
-12 -5
431 -951
-445 -591
-85 463
894 -531
591 -235
-25 47
-532 994
315 580
-526 -492
969 655
-846 -681
-537 -83
915 750
-123 -159
286 67
741 645
359 -288
385 -504
947 812
-421 451
939 -172
235 -917
988 386
911 -54
57 -322
670 375
-155 899
-697 -743
-194 -149
-145 765
815 -501
-206 835
-323 757
3 177
628 -5
165 992
464 -457
93 629
549 -364
-639 -490
-54 -889
401 146
451 -766
698 503
97 -219
-964 600
432 -248
424 984
53 -108
714 -268
731 -761
395 -445
-999 -709
431 -682
773 -892
586 3
826 -220
-584 828
714 -294
257 371
-965 636
-464 308
345 525
-432 -376
80 -864
-907 -60
-458 -626
-425 -403
-533 689
629 512
435 -334
-463 433
569 -905
667 -467
35 571
-521 -716
178 -316
-424 307
845 615
-196 -670
246 -832
-612 -232
-248 474
778 155
-93 -821
-804 -825
526 -503
965 -99
70 143
-92 -269
-661 -167
275 -350
-607 -233
713 -869
557 -529
-919 46
716 404
-827 -699
942 -837
-117 -762
554 -563
241 419
-201 689
641 770
-252 801
-295 -927
807 623
-731 -192
-145 -437
392 149
-667 661
983 -717
-585 488
126 -659
754 -309
-653 -698
714 -526
735 687
-598 -333
-482 626
941 570
-201 627
-626 -382
349 642
985 522
-740 851
196 -191
746 172
-187 518
837 794
471 -870
-298 196
-902 -420
-140 -315
333 729
265 942
948 955
-297 731
-554 879
642 965
614 -113
-619 641
690 -427
-177 -82
-119 -320
286 180
165 -82
5 393
-466 631
54 540
-442 320
695 -130
323 869
772 239
467 715
733 -890
212 162
533 534
-19 646
-926 -547
778 843
708 924
459 43
-208 -735
-309 793
94 -856
-400 179
-186 -55
-197 54
-145 835
-946 857
-334 652
-923 663
-389 -203
-6 459
727 400
464 -345
-690 118
532 153
-463 530
-819 -650
-757 -61
121 119
-555 -964
-299 -703
-497 -357
878 457
-491 98
-801 -260
158 945
992 356
84 -806
-950 -921
749 158
-812 -580
-267 297
883 944
-1000 438
535 -96
-447 -681
-149 -451
883 214
-251 -311
471 480
826 427
-369 -101
-592 237
-442 997
198 -589
-682 740
401 978
474 -392
106 55
100 -685
185 535
46 -722
-466 -822
-81 52
-402 -687
-420 -835
264 517
792 -827
-334 139
434 532
-878 -955
-520 862
-335 127
-565 -183
-368 94
-404 340
-693 -708
951 389
876 115
-979 -604
746 -152
614 -463
-39 752
863 440
714 605
87 33
-225 112
-355 55
-701 -776
582 674
-731 -345
951 86
673 -21
837 -724
670 -529
-394 762
633 -200
-664 465
-773 539
-321 118
-587 -242
264 584
398 -516
-384 293
106 228
-288 -531
-722 -209
429 839
-413 -865
-826 562
753 -605
-31 -250
-718 -273
426 762
-502 -876
-402 571
222 -141
803 -780
37 447
212 466
859 -299
65 9
972 -854
-150 -967
-1000 -999
-626 -825
395 -66
178 -511
-552 37
-921 971
883 280
-699 -783
-731 97
439 986
-122 -480
-375 417
-508 -752
-779 -39
323 534
517 471
86 22
-675 -200
782 -517
551 354
-291 158
-171 -291
364 -434
-854 584
-373 874
-975 734
194 817
-918 -222
335 -696
47 -837
718 929
-493 -950
600 976
178 464
850 243
911 652
923 789
50 888
413 -444
-727 932
737 782
627 142
-757 -199
363 -763
-280 -82
490 732
952 45
473 -162
484 436
-951 580
539 -92
-335 -973
-818 639
-437 -290
789 735
168 -849
-513 372
270 878
-460 565
-63 172
-598 195
551 -858
821 -824
-742 -802
-524 -603
880 695
-820 -276
993 -399
-985 -662
-392 220
762 -731
-20 -406
-997 865
-24 771
316 56
-810 948
372 987
748 -220
386 -25
452 838
-34 -304
869 693
-684 -789
284 -923
-18 -251
566 514
307 208
947 476
-256 775
915 -962
-663 -383
-501 441
901 677
-901 -554
396 -61
-338 -436
955 -644
744 -303
520 -309
160 -549
168 -462
156 -719
-735 -665
-959 -447
772 -340
184 935
477 -306
-842 -407
-121 -471
-615 122
-55 283
-394 511
-285 626
-640 435
428 935
-386 13
206 -503
-699 -439
-519 -862
487 -602
862 -186
-760 -751
866 284
928 393
-45 933
-977 363
-277 733
-75 309
-989 282
-402 406
686 171
-932 -355
-481 15
-675 -394
240 974
-501 580
32 -692
973 -541
681 -91
-538 -664
169 -805
-871 -723
510 38
590 825
666 156
39 -703
-359 203
-559 395
862 -387
-955 -366
-652 661
-654 -653
-432 -606
643 146
82 -789
674 -572
-938 -870
-492 -324
-750 749
595 -915
-424 -483
248 80
-54 130
-639 9
-910 547
-335 793
-707 302
176 340
682 176
146 -21
763 615
963 222
836 413
826 372
-212 414
-568 94
644 148
-188 -847
838 870
455 -882
-689 679
-297 -914
847 890
-549 -929
345 -479
-215 408
-694 -942
-9 -65
-438 407
-151 -992
-230 -685
869 737
-492 122
51 -786
-65 95
-108 -942
-609 -483
235 -371
851 141
623 -243
732 -200
-210 882
521 564
122 296
-677 840
165 -395
156 -416
636 -603
-300 702
773 738
837 -396
-40 -820
357 -658
643 425
681 886
356 371
942 395
163 -453
-388 -190
302 -840
407 66
-308 680
-97 153
-755 -592
-597 967
543 293
230 -871
654 -564
853 -394
-723 -837
737 -704
711 -45
-626 269
-751 872
191 -738
299 -813
398 684
83 543
3 -285
44 626
794 -623
-596 -404
-283 966
-916 -763
506 688
532 377
457 503
-465 608
331 -315
848 -470
637 -366
259 181
-224 300
853 -662
-545 652
996 -452
303 -425
363 648
156 -770
274 -260
952 939
-602 -478
-455 -364
753 -347
252 -914
635 835
-776 294
-335 18
14 -953
88 -306
392 -724
-994 -805
-757 -19
527 -239
432 177
-649 -43
763 734
-575 -623
-581 -641
-389 -254
486 830
233 -645
-335 -857
563 30
186 910
295 -826
37 514
289 177
-871 201
-854 -703
-718 369
-676 -526
-291 -818
-21 660
-590 -9
-556 -563
254 -991
-819 709
259 484
697 -836
-925 123
-281 -866
-411 -895
380 392
270 -105
-478 -824
-214 -322
467 809
29 53
-185 723
324 542
275 1000
-283 -321
762 7
-290 134
935 133
913 51
359 39
-943 359
194 -710
156 224
48 963
-461 -967
-278 347
-305 -79
-497 276
-605 -960
934 -607
559 -612
887 -333
323 -786
-736 151
-63 235
-774 291
-543 -571
404 742
-441 881
-882 -252
-682 -787
-259 920
-183 -912
614 -499
-62 419
584 259
892 -993
795 997
506 -174
-261 972
-745 153
526 867
-362 -75
964 -884
-675 -751
53 -499
511 -48
128 987
701 278
638 -482
630 348
-692 -500
-970 533
-955 -392
-867 975
231 626
-582 -175
861 340
-649 -74
-817 458
-462 -850
121 -22
-971 -139
-98 -359
-635 317
-220 154
138 205
323 -546
-202 962
-442 -524
313 -735
673 477
406 445
-204 -727
-838 889
-615 175
496 -953
-207 651
250 -227
607 -852
-52 -845
-510 385
500 -683
821 -249
581 917
705 601
-448 -378
-104 614
-463 -587
785 -778
-262 -708
673 268
-397 61
-795 888
-728 240
-43 -939
17 111
-688 418
960 784
201 988
594 -540
913 -678
-755 -100
728 364
-740 -132
121 -455
406 954
61 -19
-579 -779
858 467
-196 672
-747 539
-13 -807
-535 876
-559 786
-612 -232
-989 542
-30 -194
434 -504
-747 -633
185 -968
-419 382
427 85
828 634
289 522
192 -554
795 419
-661 -416
-446 -541
862 318
-630 -955
-686 -122
-155 -136
-927 -957
-793 100
-344 -28
861 174
-3 -103
-692 342
656 -325
-333 350
-947 836
352 583
530 -862
-769 -889
-260 -825
-89 763
33 -954
814 703
358 -71
748 -889
774 419
-480 -379
497 777
-595 -261
-969 246
-843 238
-50 -511
-802 -431
218 -336
-644 -497
-262 235
-238 153
567 -586
68 601
46 -367
-911 -382
482 704
748 -176
-646 127
-230 -228
620 163
-635 -665
-837 -855
64 -414
-678 131
-471 -434
577 238
-270 -766
-177 -879
461 -318
429 481
-574 169
436 92
330 358
-381 832
70 628
-973 -211
867 895
239 -752
649 -898
-916 -510
-931 137
-257 -443
-59 882
-421 961
-999 -834
-546 364
-76 443
419 -466
-47 -579
583 541
-244 386
317 -42
138 883
539 792
249 -637
278 116
-83 269
345 764
507 -196
-795 -89
-132 -266
482 -567
-172 255
395 -243
69 386
898 789
181 521
677 -993
-395 856
831 -717
-892 -17
-819 615
-570 548
-275 -482
-933 -221
-220 -493
-740 -140
93 -134
657 477
159 456
-962 -48
-687 -500
430 735
